

 One-dimensional plot values
 Input line #      29
 V(Gate)(Volts)      I(Drain)(Amps/um)   
 -1.500000E+00       -3.419412E-06
 -1.450000E+00       -3.308234E-06
 -1.400000E+00       -3.195558E-06
 -1.350000E+00       -3.081331E-06
 -1.300000E+00       -2.965502E-06
 -1.250000E+00       -2.848011E-06
 -1.200000E+00       -2.728727E-06
 -1.150000E+00       -2.607660E-06
 -1.100000E+00       -2.484744E-06
 -1.050000E+00       -2.359863E-06
 -1.000000E+00       -2.232976E-06
 -9.500000E-01       -2.104028E-06
 -9.000000E-01       -1.972942E-06
 -8.500000E-01       -1.839640E-06
 -8.000000E-01       -1.704048E-06
 -7.500000E-01       -1.566090E-06
 -7.000000E-01       -1.425697E-06
 -6.500000E-01       -1.282869E-06
 -6.000000E-01       -1.137632E-06
 -5.500000E-01       -9.901112E-07
 -5.000000E-01       -8.405406E-07
 -4.500000E-01       -6.892774E-07
 -4.000000E-01       -5.378963E-07
 -3.500000E-01       -3.899878E-07
 -3.000000E-01       -2.521880E-07
 -2.500000E-01       -1.363913E-07
 -2.000000E-01       -5.686287E-08
 -1.500000E-01       -1.754705E-08
 -1.000000E-01       -4.388141E-09
 -5.000000E-02       -1.017201E-09
  0.000000E+00       -2.308124E-10
  5.000000E-02       -5.192321E-11
  1.000000E-01       -1.163868E-11
  1.500000E-01       -2.608853E-12
  2.000000E-01       -5.875319E-13
  2.500000E-01       -1.344862E-13
  3.000000E-01       -3.251628E-14
  3.500000E-01       -9.348608E-15
  4.000000E-01       -3.979603E-15
  4.500000E-01       -2.678082E-15
  5.000000E-01       -2.325780E-15
