

 One-dimensional plot values
 Input line #      29
 V(Gate)(Volts)      I(Drain)(Amps/um)   
 -1.500000E+00       -1.865166E-06
 -1.450000E+00       -1.799990E-06
 -1.400000E+00       -1.733996E-06
 -1.350000E+00       -1.667162E-06
 -1.300000E+00       -1.599471E-06
 -1.250000E+00       -1.530896E-06
 -1.200000E+00       -1.461408E-06
 -1.150000E+00       -1.390977E-06
 -1.100000E+00       -1.319559E-06
 -1.050000E+00       -1.247138E-06
 -1.000000E+00       -1.173682E-06
 -9.500000E-01       -1.099161E-06
 -9.000000E-01       -1.023543E-06
 -8.500000E-01       -9.467994E-07
 -8.000000E-01       -8.689072E-07
 -7.500000E-01       -7.898527E-07
 -7.000000E-01       -7.096381E-07
 -6.500000E-01       -6.282886E-07
 -6.000000E-01       -5.458937E-07
 -5.500000E-01       -4.626350E-07
 -5.000000E-01       -3.788800E-07
 -4.500000E-01       -2.953729E-07
 -4.000000E-01       -2.136630E-07
 -3.500000E-01       -1.371034E-07
 -3.000000E-01       -7.250587E-08
 -2.500000E-01       -2.867696E-08
 -2.000000E-01       -8.028292E-09
 -1.500000E-01       -1.771062E-09
 -1.000000E-01       -3.646204E-10
 -5.000000E-02       -7.460832E-11
  0.000000E+00        0.000000E+00
  0.000000E+00       -1.536742E-11
  5.000000E-02       -3.207110E-12
  1.000000E-01       -6.834674E-13
  1.500000E-01       -1.509382E-13
  2.000000E-01       -3.593030E-14
  2.500000E-01       -1.026983E-14
  3.000000E-01       -4.266313E-15
  3.500000E-01       -2.764907E-15
  4.000000E-01       -2.351056E-15
  4.500000E-01       -2.215186E-15
  5.000000E-01       -2.154970E-15
