 -8.600000E-01       -7.892634E-05
 -8.400000E-01       -7.755655E-05
 -8.200000E-01       -7.611733E-05
 -8.000000E-01       -7.459693E-05
 -7.800000E-01       -7.298242E-05
 -7.600000E-01       -7.126041E-05
 -7.400000E-01       -6.941803E-05
 -7.200000E-01       -6.744092E-05
 -7.000000E-01       -6.531218E-05
 -6.800000E-01       -6.303278E-05
 -6.600000E-01       -6.059595E-05
 -6.400000E-01       -5.799792E-05
 -6.200000E-01       -5.524022E-05
 -6.000000E-01       -5.232060E-05
 -5.800000E-01       -4.924299E-05
 -5.600000E-01       -4.601206E-05
 -5.400000E-01       -4.263537E-05
 -5.200000E-01       -3.912555E-05
 -5.000000E-01       -3.550128E-05
 -4.800000E-01       -3.178899E-05
 -4.600000E-01       -2.802142E-05
 -4.400000E-01       -2.424880E-05
 -4.200000E-01       -2.053452E-05
 -4.000000E-01       -1.695028E-05
 -3.800000E-01       -1.357698E-05
 -3.600000E-01       -1.049769E-05
 -3.400000E-01       -7.790979E-06
 -3.200000E-01       -5.519784E-06
 -3.000000E-01       -3.712107E-06
 -2.800000E-01       -2.358136E-06
 -2.600000E-01       -1.410675E-06
 -2.400000E-01       -7.939678E-07
 -2.200000E-01       -4.220427E-07
 -2.000000E-01       -2.133694E-07
 -1.800000E-01       -1.037181E-07
 -1.600000E-01       -4.917198E-08
 -1.400000E-01       -2.312164E-08
 -1.200000E-01       -1.097708E-08
 -1.000000E-01       -5.348361E-09
 -8.000000E-02       -2.706124E-09
 -6.000000E-02       -1.429152E-09
 -4.000000E-02       -7.867289E-10
 -2.000000E-02       -4.490254E-10
  0.000000E+00       -2.640324E-10
  0.000000E+00        0.000000E+00
