

 One-dimensional plot values
 Input line #      35
  X (Microns)   Y (Microns)  X (Microns)        Concentration (cm^-3)         
      0.04000       0.01000       0.04000        9.998912E+19
      0.04091       0.01023       0.04091        9.966837E+19
      0.04100       0.01025       0.04100        9.963628E+19
      0.04182       0.01045       0.04182        9.934733E+19
      0.04200       0.01050       0.04200        9.928311E+19
      0.04273       0.01068       0.04273        9.902616E+19
      0.04300       0.01075       0.04300        9.892981E+19
      0.04364       0.01091       0.04364        9.870496E+19
      0.04400       0.01100       0.04400        9.857646E+19
      0.04455       0.01114       0.04455        9.838371E+19
      0.04500       0.01125       0.04500        9.822309E+19
      0.04545       0.01136       0.04545        9.806246E+19
      0.04600       0.01150       0.04600        9.786969E+19
      0.04636       0.01159       0.04636        9.774120E+19
      0.04700       0.01175       0.04700        9.751632E+19
      0.04727       0.01182       0.04727        9.741995E+19
      0.04800       0.01200       0.04800        9.716294E+19
      0.04818       0.01205       0.04818        9.709869E+19
      0.04900       0.01225       0.04900        9.680955E+19
      0.04909       0.01227       0.04909        9.677743E+19
      0.05000       0.01250       0.05000        9.645617E+19
      0.05091       0.01273       0.05091        9.555893E+19
      0.05100       0.01275       0.05100        9.546919E+19
      0.05182       0.01295       0.05182        9.466167E+19
      0.05200       0.01300       0.05200        9.448221E+19
      0.05273       0.01318       0.05273        9.376443E+19
      0.05300       0.01325       0.05300        9.349525E+19
      0.05364       0.01341       0.05364        9.286717E+19
      0.05400       0.01350       0.05400        9.250827E+19
      0.05455       0.01364       0.05455        9.196993E+19
      0.05500       0.01375       0.05500        9.152130E+19
      0.05545       0.01386       0.05545        9.107268E+19
      0.05600       0.01400       0.05600        9.053432E+19
      0.05636       0.01409       0.05636        9.017543E+19
      0.05700       0.01425       0.05700        8.954735E+19
      0.05727       0.01432       0.05727        8.927818E+19
      0.05800       0.01450       0.05800        8.856038E+19
      0.05818       0.01455       0.05818        8.838093E+19
      0.05900       0.01475       0.05900        8.757340E+19
      0.05909       0.01477       0.05909        8.748368E+19
      0.06000       0.01500       0.06000        8.658644E+19
      0.06091       0.01523       0.06091        8.529034E+19
      0.06100       0.01525       0.06100        8.516071E+19
      0.06182       0.01545       0.06182        8.399424E+19
      0.06200       0.01550       0.06200        8.373503E+19
      0.06273       0.01568       0.06273        8.269816E+19
      0.06300       0.01575       0.06300        8.230933E+19
      0.06364       0.01591       0.06364        8.140207E+19
      0.06400       0.01600       0.06400        8.088363E+19
      0.06455       0.01614       0.06455        8.010598E+19
      0.06500       0.01625       0.06500        7.945793E+19
      0.06545       0.01636       0.06545        7.880988E+19
      0.06600       0.01650       0.06600        7.803221E+19
      0.06636       0.01659       0.06636        7.751377E+19
      0.06700       0.01675       0.06700        7.660649E+19
      0.06727       0.01682       0.06727        7.621764E+19
      0.06800       0.01700       0.06800        7.518074E+19
      0.06818       0.01705       0.06818        7.492150E+19
      0.06900       0.01725       0.06900        7.375488E+19
      0.06909       0.01727       0.06909        7.362523E+19
      0.07000       0.01750       0.07000        7.232879E+19
      0.07091       0.01773       0.07091        7.086378E+19
      0.07100       0.01775       0.07100        7.071729E+19
      0.07182       0.01795       0.07182        6.939763E+19
      0.07200       0.01800       0.07200        6.910448E+19
      0.07273       0.01818       0.07273        6.792925E+19
      0.07300       0.01825       0.07300        6.748890E+19
      0.07364       0.01841       0.07364        6.645654E+19
      0.07400       0.01850       0.07400        6.586767E+19
      0.07455       0.01864       0.07455        6.497583E+19
      0.07500       0.01875       0.07500        6.423541E+19
      0.07545       0.01886       0.07545        6.348122E+19
      0.07600       0.01900       0.07600        6.258284E+19
      0.07636       0.01909       0.07636        6.196360E+19
      0.07700       0.01925       0.07700        6.089467E+19
      0.07727       0.01932       0.07727        6.040979E+19
      0.07800       0.01950       0.07800        5.914734E+19
      0.07818       0.01955       0.07818        5.880188E+19
      0.07900       0.01975       0.07900        5.730690E+19
      0.07909       0.01977       0.07909        5.711701E+19
      0.08000       0.02000       0.08000        5.532788E+19
      0.08091       0.02023       0.08091        5.338520E+19
      0.08100       0.02025       0.08100        5.320770E+19
      0.08182       0.02045       0.08182        5.121950E+19
      0.08200       0.02050       0.08200        5.082835E+19
      0.08273       0.02068       0.08273        4.878404E+19
      0.08300       0.02075       0.08300        4.812715E+19
      0.08364       0.02091       0.08364        4.604299E+19
      0.08400       0.02100       0.08400        4.505376E+19
      0.08455       0.02114       0.08455        4.297973E+19
      0.08500       0.02125       0.08500        4.158342E+19
      0.08545       0.02136       0.08545        3.960390E+19
      0.08600       0.02150       0.08600        3.772965E+19
      0.08636       0.02159       0.08636        3.595524E+19
      0.08700       0.02175       0.08700        3.355249E+19
      0.08727       0.02182       0.08727        3.210307E+19
      0.08800       0.02200       0.08800        2.915922E+19
      0.08818       0.02205       0.08818        2.814117E+19
      0.08900       0.02225       0.08900        2.469589E+19
      0.08909       0.02227       0.08909        2.417888E+19
      0.09000       0.02250       0.09000        2.033014E+19
      0.09091       0.02273       0.09091        1.658440E+19
      0.09100       0.02275       0.09100        1.632276E+19
      0.09182       0.02295       0.09182        1.317144E+19
      0.09200       0.02300       0.09200        1.268684E+19
      0.09250       0.02313       0.09250        1.116033E+19
      0.09300       0.02325       0.09300        9.473987E+18
      0.09333       0.02333       0.09333        8.497656E+18
      0.09350       0.02337       0.09350        8.071351E+18
      0.09364       0.02341       0.09364        7.548015E+18
      0.09375       0.02344       0.09375        7.138581E+18
      0.09386       0.02347       0.09386        2.852845E+18
      0.09400       0.02350       0.09400       -2.260290E+18
      0.09438       0.02359       0.09437       -3.067855E+18
      0.09450       0.02363       0.09450       -3.350248E+18
      0.09455       0.02364       0.09455       -3.454324E+18
      0.09500       0.02375       0.09500       -4.361129E+18
      0.09600       0.02400       0.09600       -5.830718E+18
      0.09636       0.02409       0.09636       -6.339444E+18
      0.09700       0.02425       0.09700       -6.940153E+18
      0.09727       0.02432       0.09727       -7.199801E+18
      0.09800       0.02450       0.09800       -7.667316E+18
      0.09818       0.02455       0.09818       -7.768994E+18
      0.09900       0.02475       0.09900       -8.080826E+18
      0.09909       0.02477       0.09909       -8.099827E+18
      0.10000       0.02500       0.10000       -8.237101E+18
      0.10100       0.02525       0.10100       -8.165150E+18
      0.10111       0.02528       0.10111       -8.146012E+18
      0.10200       0.02550       0.10200       -7.893258E+18
      0.10222       0.02556       0.10222       -7.823576E+18
      0.10300       0.02575       0.10300       -7.428284E+18
      0.10333       0.02583       0.10333       -7.273956E+18
      0.10400       0.02600       0.10400       -6.774326E+18
      0.10500       0.02625       0.10500       -6.026178E+18
      0.10550       0.02637       0.10550       -5.569312E+18
      0.10562       0.02641       0.10562       -5.450600E+18
      0.10600       0.02650       0.10600       -5.027143E+18
      0.10611       0.02653       0.10611       -1.006171E+18
      0.10625       0.02656       0.10625        4.038638E+18
      0.10639       0.02660       0.10639        4.343644E+18
      0.10650       0.02663       0.10650        4.603649E+18
      0.10667       0.02667       0.10667        4.810020E+18
      0.10700       0.02675       0.10700        5.185501E+18
      0.10750       0.02687       0.10750        5.697265E+18
      0.10800       0.02700       0.10800        6.401898E+18
      0.10889       0.02722       0.10889        7.335125E+18
      0.10900       0.02725       0.10900        7.534759E+18
      0.11000       0.02750       0.11000        8.567341E+18
      0.11100       0.02775       0.11100        9.606165E+18
      0.11111       0.02778       0.11111        9.649828E+18
      0.11200       0.02800       0.11200        1.046358E+19
      0.11222       0.02806       0.11222        1.052220E+19
      0.11300       0.02825       0.11300        1.109814E+19
      0.11333       0.02833       0.11333        1.113668E+19
      0.11400       0.02850       0.11400        1.149072E+19
      0.11444       0.02861       0.11444        1.147352E+19
      0.11500       0.02875       0.11500        1.164412E+19
      0.11556       0.02889       0.11556        1.154014E+19
      0.11600       0.02900       0.11600        1.157913E+19
      0.11667       0.02917       0.11667        1.136550E+19
      0.11700       0.02925       0.11700        1.132827E+19
      0.11778       0.02944       0.11778        1.099174E+19
      0.11800       0.02950       0.11800        1.092923E+19
      0.11889       0.02972       0.11889        1.046546E+19
      0.11900       0.02975       0.11900        1.041914E+19
      0.12000       0.03000       0.12000        9.830622E+18
      0.12100       0.03025       0.12100        9.445405E+18
      0.12111       0.03028       0.12111        9.397513E+18
      0.12200       0.03050       0.12200        9.029429E+18
      0.12222       0.03056       0.12222        8.931125E+18
      0.12300       0.03075       0.12300        8.594655E+18
      0.12333       0.03083       0.12333        8.444911E+18
      0.12400       0.03100       0.12400        8.149010E+18
      0.12444       0.03111       0.12444        7.947589E+18
      0.12500       0.03125       0.12500        7.697386E+18
      0.12556       0.03139       0.12556        7.444408E+18
      0.12600       0.03150       0.12600        7.242659E+18
      0.12667       0.03167       0.12667        6.938327E+18
      0.12700       0.03175       0.12700        6.786389E+18
      0.12778       0.03194       0.12778        6.430897E+18
      0.12800       0.03200       0.12800        6.329398E+18
      0.12889       0.03222       0.12889        5.922892E+18
      0.12900       0.03225       0.12900        5.872092E+18
      0.13000       0.03250       0.13000        5.414646E+18
      0.13100       0.03275       0.13100        5.146051E+18
      0.13111       0.03278       0.13111        5.116204E+18
      0.13200       0.03300       0.13200        4.877433E+18
      0.13222       0.03306       0.13222        4.817739E+18
      0.13300       0.03325       0.13300        4.608809E+18
      0.13333       0.03333       0.13333        4.519268E+18
      0.13400       0.03350       0.13400        4.340185E+18
      0.13444       0.03361       0.13444        4.220795E+18
      0.13500       0.03375       0.13500        4.071556E+18
      0.13556       0.03389       0.13556        3.922321E+18
      0.13600       0.03400       0.13600        3.802932E+18
      0.13667       0.03417       0.13667        3.623845E+18
      0.13700       0.03425       0.13700        3.534302E+18
      0.13778       0.03444       0.13778        3.325372E+18
      0.13800       0.03450       0.13800        3.265677E+18
      0.13889       0.03472       0.13889        3.026892E+18
      0.13900       0.03475       0.13900        2.997045E+18
      0.14000       0.03500       0.14000        2.728419E+18
      0.14100       0.03525       0.14100        2.583216E+18
      0.14111       0.03528       0.14111        2.567083E+18
      0.14200       0.03550       0.14200        2.438015E+18
      0.14222       0.03556       0.14222        2.405748E+18
      0.14300       0.03575       0.14300        2.292812E+18
      0.14333       0.03583       0.14333        2.244412E+18
      0.14400       0.03600       0.14400        2.147611E+18
      0.14444       0.03611       0.14444        2.083076E+18
      0.14500       0.03625       0.14500        2.002408E+18
      0.14556       0.03639       0.14556        1.921739E+18
      0.14600       0.03650       0.14600        1.857204E+18
      0.14667       0.03667       0.14667        1.760404E+18
      0.14700       0.03675       0.14700        1.712003E+18
      0.14778       0.03694       0.14778        1.599067E+18
      0.14800       0.03700       0.14800        1.566800E+18
      0.14889       0.03722       0.14889        1.437733E+18
      0.14900       0.03725       0.14900        1.421599E+18
      0.15000       0.03750       0.15000        1.276396E+18
      0.15100       0.03775       0.15100        1.203990E+18
      0.15111       0.03778       0.15111        1.195945E+18
      0.15200       0.03800       0.15200        1.131585E+18
      0.15222       0.03806       0.15222        1.115495E+18
      0.15300       0.03825       0.15300        1.059179E+18
      0.15333       0.03833       0.15333        1.035044E+18
      0.15400       0.03850       0.15400        9.867735E+17
      0.15444       0.03861       0.15444        9.545935E+17
      0.15500       0.03875       0.15500        9.143686E+17
      0.15556       0.03889       0.15556        8.741430E+17
      0.15600       0.03900       0.15600        8.419626E+17
      0.15667       0.03917       0.15667        7.936926E+17
      0.15700       0.03925       0.15700        7.695575E+17
      0.15778       0.03944       0.15778        7.132416E+17
      0.15800       0.03950       0.15800        6.971512E+17
      0.15889       0.03972       0.15889        6.327904E+17
      0.15900       0.03975       0.15900        6.247451E+17
      0.16000       0.04000       0.16000        5.523364E+17
      0.16100       0.04025       0.16100        5.189707E+17
      0.16111       0.04028       0.16111        5.152635E+17
      0.16200       0.04050       0.16200        4.855969E+17
      0.16222       0.04056       0.16222        4.781805E+17
      0.16300       0.04075       0.16300        4.522050E+17
      0.16333       0.04083       0.16333        4.410745E+17
      0.16400       0.04100       0.16400        4.187802E+17
      0.16444       0.04111       0.16444        4.039235E+17
      0.16500       0.04125       0.16500        3.852950E+17
      0.16556       0.04139       0.16556        3.666870E+17
      0.16600       0.04150       0.16600        3.517089E+17
      0.16667       0.04167       0.16667        3.293005E+17
      0.16700       0.04175       0.16700        3.179656E+17
      0.16778       0.04194       0.16778        2.916663E+17
      0.16800       0.04200       0.16800        2.839940E+17
      0.16889       0.04222       0.16889        2.536544E+17
      0.16900       0.04225       0.16900        2.497247E+17
      0.17000       0.04250       0.17000        2.151117E+17
      0.17100       0.04275       0.17100        1.988091E+17
      0.17111       0.04278       0.17111        1.971150E+17
      0.17200       0.04300       0.17200        1.817092E+17
      0.17222       0.04306       0.17222        1.782335E+17
      0.17300       0.04325       0.17300        1.637281E+17
      0.17333       0.04333       0.17333        1.583688E+17
      0.17400       0.04350       0.17400        1.448851E+17
      0.17444       0.04361       0.17444        1.375488E+17
      0.17500       0.04375       0.17500        1.253437E+17
      0.17556       0.04389       0.17556        1.159811E+17
      0.17600       0.04400       0.17600        1.054374E+17
      0.17667       0.04417       0.17667        9.408664E+16
      0.17700       0.04425       0.17700        8.565976E+16
      0.17778       0.04444       0.17778        7.248947E+16
      0.17800       0.04450       0.17800        6.662154E+16
      0.17842       0.04461       0.17842        5.957955E+16
      0.17857       0.04464       0.17857        5.544907E+16
      0.17900       0.04475       0.17900        4.897120E+16
      0.17947       0.04487       0.17947        4.141047E+16
      0.17952       0.04488       0.17952        4.004898E+16
      0.18000       0.04500       0.18000        3.329814E+16
      0.18050       0.04513       0.18050        2.801012E+16
      0.18056       0.04514       0.18056        2.759026E+16
      0.18100       0.04525       0.18100        2.305773E+16
      0.18105       0.04526       0.18105        2.267476E+16
      0.18143       0.04536       0.18143        1.895522E+16
      0.18150       0.04537       0.18150        1.847196E+16
      0.18158       0.04539       0.18158        1.793126E+16
      0.18190       0.04548       0.18190        1.487842E+16
      0.18200       0.04550       0.18200        1.427472E+16
      0.18211       0.04553       0.18211        1.360218E+16
      0.18238       0.04560       0.18238        1.117918E+16
      0.18250       0.04563       0.18250        1.047854E+16
      0.18263       0.04566       0.18263        9.701567E+15
      0.18286       0.04571       0.18286        7.860302E+15
      0.18327       0.04582       0.18327        4.923349E+15
      0.18333       0.04583       0.18333        4.602477E+15
      0.18341       0.04585       0.18341        4.223955E+15
      0.18350       0.04587       0.18350        3.793773E+15
      0.18361       0.04590       0.18361        3.271449E+15
      0.18375       0.04594       0.18375        2.496930E+15
      0.18389       0.04597       0.18389        1.890316E+15
      0.18400       0.04600       0.18400        1.314637E+15
      0.18417       0.04604       0.18417        6.100712E+14
      0.18425       0.04606       0.18425        1.910954E+14
      0.18444       0.04611       0.18444       -5.691519E+14
      0.18450       0.04613       0.18450       -8.274893E+14
      0.18472       0.04618       0.18472       -1.663693E+15
      0.18475       0.04619       0.18475       -1.788305E+15
      0.18500       0.04625       0.18500       -2.654388E+15
      0.18519       0.04630       0.18519       -3.275100E+15
      0.18524       0.04631       0.18524       -3.383359E+15
      0.18526       0.04632       0.18526       -3.431882E+15
      0.18550       0.04638       0.18550       -4.085394E+15
      0.18571       0.04643       0.18571       -4.659191E+15
      0.18579       0.04645       0.18579       -4.785555E+15
      0.18600       0.04650       0.18600       -5.291141E+15
      0.18611       0.04653       0.18611       -5.458856E+15
      0.18650       0.04663       0.18650       -6.338541E+15
      0.18667       0.04667       0.18667       -6.543567E+15
      0.18700       0.04675       0.18700       -7.136715E+15
      0.18722       0.04681       0.18722       -7.375208E+15
      0.18750       0.04688       0.18750       -7.809483E+15
      0.18778       0.04694       0.18778       -8.049187E+15
      0.18800       0.04700       0.18800       -8.328534E+15
      0.18875       0.04719       0.18875       -8.836046E+15
      0.18905       0.04726       0.18905       -9.092365E+15
      0.19000       0.04750       0.19000       -9.513807E+15
      0.19100       0.04775       0.19100       -9.740390E+15
      0.19111       0.04778       0.19111       -9.747039E+15
      0.19200       0.04800       0.19200       -9.867726E+15
      0.19222       0.04806       0.19222       -9.875281E+15
      0.19300       0.04825       0.19300       -9.935774E+15
      0.19333       0.04833       0.19333       -9.941930E+15
      0.19400       0.04850       0.19400       -9.970323E+15
      0.19444       0.04861       0.19444       -9.974590E+15
      0.19500       0.04875       0.19500       -9.986970E+15
      0.19556       0.04889       0.19556       -9.989623E+15
      0.19600       0.04900       0.19600       -9.994577E+15
      0.19667       0.04917       0.19667       -9.996090E+15
      0.19700       0.04925       0.19700       -9.997866E+15
      0.19778       0.04944       0.19778       -9.998668E+15
      0.19800       0.04950       0.19800       -9.999210E+15
      0.19889       0.04972       0.19889       -9.999608E+15
      0.19900       0.04975       0.19900       -9.999725E+15
      0.20000       0.05000       0.20000       -9.999912E+15
