

 One-dimensional plot values
 Input line #      36
  X (Microns)   Y (Microns)  X (Microns)        Concentration (cm^-3)         
      0.04000       0.01000       0.04000       -6.990077E+19
      0.04091       0.01023       0.04091       -6.974179E+19
      0.04100       0.01025       0.04100       -6.972588E+19
      0.04182       0.01045       0.04182       -6.958083E+19
      0.04200       0.01050       0.04200       -6.954858E+19
      0.04273       0.01068       0.04273       -6.941875E+19
      0.04300       0.01075       0.04300       -6.937006E+19
      0.04364       0.01091       0.04364       -6.925606E+19
      0.04400       0.01100       0.04400       -6.919092E+19
      0.04455       0.01114       0.04455       -6.909305E+19
      0.04500       0.01125       0.04500       -6.901149E+19
      0.04545       0.01136       0.04545       -6.892987E+19
      0.04600       0.01150       0.04600       -6.883193E+19
      0.04636       0.01159       0.04636       -6.876662E+19
      0.04700       0.01175       0.04700       -6.865231E+19
      0.04727       0.01182       0.04727       -6.860331E+19
      0.04800       0.01200       0.04800       -6.847265E+19
      0.04818       0.01205       0.04818       -6.843999E+19
      0.04900       0.01225       0.04900       -6.829300E+19
      0.04909       0.01227       0.04909       -6.827667E+19
      0.05000       0.01250       0.05000       -6.811334E+19
      0.05091       0.01273       0.05091       -6.764807E+19
      0.05100       0.01275       0.05100       -6.760153E+19
      0.05182       0.01295       0.05182       -6.718279E+19
      0.05200       0.01300       0.05200       -6.708973E+19
      0.05273       0.01318       0.05273       -6.671752E+19
      0.05300       0.01325       0.05300       -6.657793E+19
      0.05364       0.01341       0.05364       -6.625224E+19
      0.05400       0.01350       0.05400       -6.606613E+19
      0.05455       0.01364       0.05455       -6.578697E+19
      0.05500       0.01375       0.05500       -6.555433E+19
      0.05545       0.01386       0.05545       -6.532170E+19
      0.05600       0.01400       0.05600       -6.504253E+19
      0.05636       0.01409       0.05636       -6.485642E+19
      0.05700       0.01425       0.05700       -6.453073E+19
      0.05727       0.01432       0.05727       -6.439115E+19
      0.05800       0.01450       0.05800       -6.401893E+19
      0.05818       0.01455       0.05818       -6.392588E+19
      0.05900       0.01475       0.05900       -6.350713E+19
      0.05909       0.01477       0.05909       -6.346060E+19
      0.06000       0.01500       0.06000       -6.299533E+19
      0.06091       0.01523       0.06091       -6.229615E+19
      0.06100       0.01525       0.06100       -6.222623E+19
      0.06182       0.01545       0.06182       -6.159698E+19
      0.06200       0.01550       0.06200       -6.145715E+19
      0.06273       0.01568       0.06273       -6.089780E+19
      0.06300       0.01575       0.06300       -6.068804E+19
      0.06364       0.01591       0.06364       -6.019860E+19
      0.06400       0.01600       0.06400       -5.991893E+19
      0.06455       0.01614       0.06455       -5.949937E+19
      0.06500       0.01625       0.06500       -5.914975E+19
      0.06545       0.01636       0.06545       -5.880006E+19
      0.06600       0.01650       0.06600       -5.838046E+19
      0.06636       0.01659       0.06636       -5.810062E+19
      0.06700       0.01675       0.06700       -5.761094E+19
      0.06727       0.01682       0.06727       -5.740091E+19
      0.06800       0.01700       0.06800       -5.684092E+19
      0.06818       0.01705       0.06818       -5.670071E+19
      0.06900       0.01725       0.06900       -5.606996E+19
      0.06909       0.01727       0.06909       -5.599966E+19
      0.07000       0.01750       0.07000       -5.529716E+19
      0.07091       0.01773       0.07091       -5.445261E+19
      0.07100       0.01775       0.07100       -5.436827E+19
      0.07182       0.01795       0.07182       -5.360301E+19
      0.07200       0.01800       0.07200       -5.343341E+19
      0.07273       0.01818       0.07273       -5.274518E+19
      0.07300       0.01825       0.07300       -5.248834E+19
      0.07364       0.01841       0.07364       -5.187434E+19
      0.07400       0.01850       0.07400       -5.152642E+19
      0.07455       0.01864       0.07455       -5.098374E+19
      0.07500       0.01875       0.07500       -5.053772E+19
      0.07545       0.01886       0.07545       -5.006415E+19
      0.07600       0.01900       0.07600       -4.950813E+19
      0.07636       0.01909       0.07636       -4.910359E+19
      0.07700       0.01925       0.07700       -4.841841E+19
      0.07727       0.01932       0.07727       -4.808711E+19
      0.07800       0.01950       0.07800       -4.724372E+19
      0.07818       0.01955       0.07818       -4.699697E+19
      0.07900       0.01975       0.07900       -4.595376E+19
      0.07909       0.01977       0.07909       -4.581310E+19
      0.08000       0.02000       0.08000       -4.451403E+19
      0.08091       0.02023       0.08091       -4.298563E+19
      0.08100       0.02025       0.08100       -4.284845E+19
      0.08182       0.02045       0.08182       -4.127194E+19
      0.08200       0.02050       0.08200       -4.096383E+19
      0.08273       0.02068       0.08273       -3.935405E+19
      0.08300       0.02075       0.08300       -3.883298E+19
      0.08364       0.02091       0.08364       -3.722234E+19
      0.08400       0.02100       0.08400       -3.644090E+19
      0.08455       0.02114       0.08455       -3.487922E+19
      0.08500       0.02125       0.08500       -3.378976E+19
      0.08545       0.02136       0.08545       -3.234098E+19
      0.08600       0.02150       0.08600       -3.090267E+19
      0.08636       0.02159       0.08636       -2.963810E+19
      0.08700       0.02175       0.08700       -2.782506E+19
      0.08727       0.02182       0.08727       -2.681412E+19
      0.08800       0.02200       0.08800       -2.462318E+19
      0.08818       0.02205       0.08818       -2.392310E+19
      0.08900       0.02225       0.08900       -2.137956E+19
      0.08909       0.02227       0.08909       -2.102587E+19
      0.09000       0.02250       0.09000       -1.818567E+19
      0.09091       0.02273       0.09091       -1.537236E+19
      0.09100       0.02275       0.09100       -1.515670E+19
      0.09182       0.02295       0.09182       -1.275257E+19
      0.09200       0.02300       0.09200       -1.234515E+19
      0.09250       0.02313       0.09250       -1.112413E+19
      0.09300       0.02325       0.09300       -9.798631E+18
      0.09333       0.02333       0.09333       -9.005422E+18
      0.09350       0.02337       0.09350       -8.645311E+18
      0.09364       0.02341       0.09364       -7.875883E+18
      0.09375       0.02344       0.09375       -7.251124E+18
      0.09386       0.02347       0.09386       -3.309395E+18
      0.09400       0.02350       0.09400        1.402107E+18
      0.09438       0.02359       0.09437        2.111379E+18
      0.09450       0.02363       0.09450        2.356362E+18
      0.09455       0.02364       0.09455        2.445699E+18
      0.09500       0.02375       0.09500        3.263960E+18
      0.09600       0.02400       0.09600        4.670308E+18
      0.09636       0.02409       0.09636        5.149410E+18
      0.09700       0.02425       0.09700        5.780924E+18
      0.09727       0.02432       0.09727        6.038723E+18
      0.09800       0.02450       0.09800        6.557912E+18
      0.09818       0.02455       0.09818        6.664009E+18
      0.09900       0.02475       0.09900        7.028404E+18
      0.09909       0.02477       0.09909        7.049663E+18
      0.10000       0.02500       0.10000        7.220508E+18
      0.10100       0.02525       0.10100        7.151719E+18
      0.10111       0.02528       0.10111        7.128023E+18
      0.10200       0.02550       0.10200        6.851418E+18
      0.10222       0.02556       0.10222        6.765877E+18
      0.10300       0.02575       0.10300        6.338944E+18
      0.10333       0.02583       0.10333        6.155498E+18
      0.10400       0.02600       0.10400        5.634976E+18
      0.10500       0.02625       0.10500        4.825471E+18
      0.10550       0.02637       0.10550        4.349658E+18
      0.10562       0.02641       0.10562        4.225371E+18
      0.10600       0.02650       0.10600        3.801276E+18
      0.10611       0.02653       0.10611        7.047909E+16
      0.10625       0.02656       0.10625       -4.606544E+18
      0.10639       0.02660       0.10639       -5.226996E+18
      0.10650       0.02663       0.10650       -5.734767E+18
      0.10667       0.02667       0.10667       -5.935119E+18
      0.10700       0.02675       0.10700       -6.307775E+18
      0.10750       0.02687       0.10750       -6.834653E+18
      0.10800       0.02700       0.10800       -7.485183E+18
      0.10889       0.02722       0.10889       -8.448699E+18
      0.10900       0.02725       0.10900       -8.624072E+18
      0.11000       0.02750       0.11000       -9.701623E+18
      0.11100       0.02775       0.11100       -1.075538E+19
      0.11111       0.02778       0.11111       -1.081823E+19
      0.11200       0.02800       0.11200       -1.167504E+19
      0.11222       0.02806       0.11222       -1.177772E+19
      0.11300       0.02825       0.11300       -1.242702E+19
      0.11333       0.02833       0.11333       -1.253983E+19
      0.11400       0.02850       0.11400       -1.299044E+19
      0.11444       0.02861       0.11444       -1.308077E+19
      0.11500       0.02875       0.11500       -1.335788E+19
      0.11556       0.02889       0.11556       -1.339409E+19
      0.11600       0.02900       0.11600       -1.353432E+19
      0.11667       0.02917       0.11667       -1.348905E+19
      0.11700       0.02925       0.11700       -1.353479E+19
      0.11778       0.02944       0.11778       -1.338718E+19
      0.11800       0.02950       0.11800       -1.338115E+19
      0.11889       0.02972       0.11889       -1.311788E+19
      0.11900       0.02975       0.11900       -1.309883E+19
      0.12000       0.03000       0.12000       -1.271379E+19
      0.12100       0.03025       0.12100       -1.240543E+19
      0.12111       0.03028       0.12111       -1.236165E+19
      0.12200       0.03050       0.12200       -1.204211E+19
      0.12222       0.03056       0.12222       -1.194867E+19
      0.12300       0.03075       0.12300       -1.163965E+19
      0.12333       0.03083       0.12333       -1.149322E+19
      0.12400       0.03100       0.12400       -1.121040E+19
      0.12444       0.03111       0.12444       -1.100944E+19
      0.12500       0.03125       0.12500       -1.076351E+19
      0.12556       0.03139       0.12556       -1.050762E+19
      0.12600       0.03150       0.12600       -1.030546E+19
      0.12667       0.03167       0.12667       -9.994807E+18
      0.12700       0.03175       0.12700       -9.840606E+18
      0.12778       0.03194       0.12778       -9.475619E+18
      0.12800       0.03200       0.12800       -9.371762E+18
      0.12889       0.03222       0.12889       -8.952915E+18
      0.12900       0.03225       0.12900       -8.900676E+18
      0.13000       0.03250       0.13000       -8.428359E+18
      0.13100       0.03275       0.13100       -8.096840E+18
      0.13111       0.03278       0.13111       -8.059960E+18
      0.13200       0.03300       0.13200       -7.765002E+18
      0.13222       0.03306       0.13222       -7.691219E+18
      0.13300       0.03325       0.13300       -7.433010E+18
      0.13333       0.03333       0.13333       -7.322319E+18
      0.13400       0.03350       0.13400       -7.100949E+18
      0.13444       0.03361       0.13444       -6.953348E+18
      0.13500       0.03375       0.13500       -6.768851E+18
      0.13556       0.03389       0.13556       -6.584344E+18
      0.13600       0.03400       0.13600       -6.436741E+18
      0.13667       0.03417       0.13667       -6.215328E+18
      0.13700       0.03425       0.13700       -6.104620E+18
      0.13778       0.03444       0.13778       -5.846306E+18
      0.13800       0.03450       0.13800       -5.772501E+18
      0.13889       0.03472       0.13889       -5.477275E+18
      0.13900       0.03475       0.13900       -5.440373E+18
      0.14000       0.03500       0.14000       -5.108253E+18
      0.14100       0.03525       0.14100       -4.889531E+18
      0.14111       0.03528       0.14111       -4.865228E+18
      0.14200       0.03550       0.14200       -4.670811E+18
      0.14222       0.03556       0.14222       -4.622207E+18
      0.14300       0.03575       0.14300       -4.452089E+18
      0.14333       0.03583       0.14333       -4.379183E+18
      0.14400       0.03600       0.14400       -4.233369E+18
      0.14444       0.03611       0.14444       -4.136160E+18
      0.14500       0.03625       0.14500       -4.014648E+18
      0.14556       0.03639       0.14556       -3.893135E+18
      0.14600       0.03650       0.14600       -3.795925E+18
      0.14667       0.03667       0.14667       -3.650112E+18
      0.14700       0.03675       0.14700       -3.577206E+18
      0.14778       0.03694       0.14778       -3.407089E+18
      0.14800       0.03700       0.14800       -3.358483E+18
      0.14889       0.03722       0.14889       -3.164067E+18
      0.14900       0.03725       0.14900       -3.139764E+18
      0.15000       0.03750       0.15000       -2.921042E+18
      0.15100       0.03775       0.15100       -2.785510E+18
      0.15111       0.03778       0.15111       -2.770451E+18
      0.15200       0.03800       0.15200       -2.649981E+18
      0.15222       0.03806       0.15222       -2.619862E+18
      0.15300       0.03825       0.15300       -2.514449E+18
      0.15333       0.03833       0.15333       -2.469272E+18
      0.15400       0.03850       0.15400       -2.378916E+18
      0.15444       0.03861       0.15444       -2.318680E+18
      0.15500       0.03875       0.15500       -2.243384E+18
      0.15556       0.03889       0.15556       -2.168086E+18
      0.15600       0.03900       0.15600       -2.107846E+18
      0.15667       0.03917       0.15667       -2.017485E+18
      0.15700       0.03925       0.15700       -1.972301E+18
      0.15778       0.03944       0.15778       -1.866869E+18
      0.15800       0.03950       0.15800       -1.836741E+18
      0.15889       0.03972       0.15889       -1.716224E+18
      0.15900       0.03975       0.15900       -1.701155E+18
      0.16000       0.04000       0.16000       -1.565520E+18
      0.16100       0.04025       0.16100       -1.486181E+18
      0.16111       0.04028       0.16111       -1.477366E+18
      0.16200       0.04050       0.16200       -1.406691E+18
      0.16222       0.04056       0.16222       -1.389026E+18
      0.16300       0.04075       0.16300       -1.326951E+18
      0.16333       0.04083       0.16333       -1.300368E+18
      0.16400       0.04100       0.16400       -1.246825E+18
      0.16444       0.04111       0.16444       -1.211195E+18
      0.16500       0.04125       0.16500       -1.166124E+18
      0.16556       0.04139       0.16556       -1.121228E+18
      0.16600       0.04150       0.16600       -1.084609E+18
      0.16667       0.04167       0.16667       -1.030095E+18
      0.16700       0.04175       0.16700       -1.002000E+18
      0.16778       0.04194       0.16778       -9.373364E+17
      0.16800       0.04200       0.16800       -9.180005E+17
      0.16889       0.04222       0.16889       -8.424393E+17
      0.16900       0.04225       0.16900       -8.323535E+17
      0.17000       0.04250       0.17000       -7.449032E+17
      0.17100       0.04275       0.17100       -6.894475E+17
      0.17111       0.04278       0.17111       -6.838039E+17
      0.17200       0.04300       0.17200       -6.310121E+17
      0.17222       0.04306       0.17222       -6.193029E+17
      0.17300       0.04325       0.17300       -5.695988E+17
      0.17333       0.04333       0.17333       -5.513834E+17
      0.17400       0.04350       0.17400       -5.055217E+17
      0.17444       0.04361       0.17444       -4.804204E+17
      0.17500       0.04375       0.17500       -4.394529E+17
      0.17556       0.04389       0.17556       -4.072524E+17
      0.17600       0.04400       0.17600       -3.724343E+17
      0.17632       0.04408       0.17632       -3.536919E+17
      0.17667       0.04417       0.17667       -3.244125E+17
      0.17700       0.04425       0.17700       -3.058210E+17
      0.17737       0.04434       0.17737       -2.838677E+17
      0.17762       0.04440       0.17762       -2.622886E+17
      0.17800       0.04450       0.17800       -2.411784E+17
      0.17842       0.04461       0.17842       -2.164074E+17
      0.17857       0.04464       0.17857       -2.033185E+17
      0.17900       0.04475       0.17900       -1.801270E+17
      0.17947       0.04487       0.17947       -1.536817E+17
      0.17952       0.04488       0.17952       -1.493743E+17
      0.18000       0.04500       0.18000       -1.241687E+17
      0.18048       0.04512       0.18048       -1.032494E+17
      0.18050       0.04513       0.18050       -1.024539E+17
      0.18053       0.04513       0.18053       -1.015588E+17
      0.18095       0.04524       0.18095       -8.335952E+16
      0.18100       0.04525       0.18100       -8.182347E+16
      0.18105       0.04526       0.18105       -8.010117E+16
      0.18143       0.04536       0.18143       -6.459070E+16
      0.18188       0.04547       0.18188       -4.756944E+16
      0.18200       0.04550       0.18200       -4.258014E+16
      0.18222       0.04556       0.18222       -3.495674E+16
      0.18225       0.04556       0.18225       -3.387136E+16
      0.18250       0.04563       0.18250       -2.552832E+16
      0.18275       0.04569       0.18275       -1.789533E+16
      0.18278       0.04569       0.18278       -1.717216E+16
      0.18300       0.04575       0.18300       -1.056286E+16
      0.18306       0.04576       0.18306       -9.141370E+15
      0.18325       0.04581       0.18325       -3.570525E+15
      0.18333       0.04583       0.18333       -1.540548E+15
      0.18350       0.04587       0.18350        3.112054E+15
      0.18361       0.04590       0.18361        5.759125E+15
      0.18375       0.04594       0.18375        9.465372E+15
      0.18389       0.04597       0.18389        1.260886E+16
      0.18400       0.04600       0.18400        1.549973E+16
      0.18417       0.04604       0.18417        1.917019E+16
      0.18425       0.04606       0.18425        2.122582E+16
      0.18444       0.04611       0.18444        2.528581E+16
      0.18450       0.04613       0.18450        2.662360E+16
      0.18472       0.04618       0.18472        3.111401E+16
      0.18475       0.04619       0.18475        3.174251E+16
      0.18500       0.04625       0.18500        3.652343E+16
      0.18550       0.04638       0.18550        4.422781E+16
      0.18556       0.04639       0.18556        4.486708E+16
      0.18600       0.04650       0.18600        5.186295E+16
      0.18625       0.04656       0.18625        5.433918E+16
      0.18714       0.04679       0.18714        6.501391E+16
      0.18789       0.04697       0.18789        7.079036E+16
      0.18800       0.04700       0.18800        7.217103E+16
      0.18810       0.04702       0.18810        7.327907E+16
      0.18895       0.04724       0.18895        7.819989E+16
      0.18900       0.04725       0.18900        7.872182E+16
      0.19000       0.04750       0.19000        8.313833E+16
      0.19100       0.04775       0.19100        8.573834E+16
      0.19111       0.04778       0.19111        8.584704E+16
      0.19200       0.04800       0.19200        8.743890E+16
      0.19222       0.04806       0.19222        8.758304E+16
      0.19300       0.04825       0.19300        8.851191E+16
      0.19333       0.04833       0.19333        8.865074E+16
      0.19400       0.04850       0.19400        8.916472E+16
      0.19444       0.04861       0.19444        8.927985E+16
      0.19500       0.04875       0.19500        8.954748E+16
      0.19556       0.04889       0.19556        8.963415E+16
      0.19600       0.04900       0.19600        8.976363E+16
      0.19667       0.04917       0.19667        8.982427E+16
      0.19700       0.04925       0.19700        8.988111E+16
      0.19778       0.04944       0.19778        8.992103E+16
      0.19800       0.04950       0.19800        8.994250E+16
      0.19889       0.04972       0.19889        8.996742E+16
      0.19900       0.04975       0.19900        8.997329E+16
      0.20000       0.05000       0.20000        8.998814E+16
