

 One-dimensional plot values
 Input line #      37
 V(Gate)(Volts)      I(Drain)(Amps/um)   
 -8.600000E-01       -6.522009E-04
 -8.600000E-01       -5.239593E-04
 -8.600000E-01       -5.335237E-04
 -8.600000E-01       -5.428238E-04
 -8.600000E-01       -5.518783E-04
 -8.600000E-01       -5.141100E-04
 -8.600000E-01       -5.039526E-04
 -8.600000E-01       -4.933842E-04
 -8.600000E-01       -4.823330E-04
 -8.600000E-01       -4.704724E-04
 -8.600000E-01       -4.580716E-04
 -8.600000E-01       -5.607033E-04
 -8.600000E-01       -5.693127E-04
 -8.600000E-01       -5.777029E-04
 -8.600000E-01       -6.522009E-04
 -8.600000E-01       -6.453919E-04
 -8.600000E-01       -6.384484E-04
 -8.600000E-01       -6.313734E-04
 -8.600000E-01       -6.241678E-04
 -8.600000E-01       -6.168300E-04
 -8.600000E-01       -6.093472E-04
 -8.600000E-01       -6.016990E-04
 -8.600000E-01       -5.938750E-04
 -8.600000E-01       -5.858798E-04
 -8.600000E-01       -4.451849E-04
 -8.600000E-01       -4.317630E-04
 -8.600000E-01       -7.851275E-15
 -8.600000E-01       -3.217364E-05
 -8.600000E-01       -6.357735E-05
 -8.600000E-01       -9.400277E-05
 -8.600000E-01       -1.233954E-04
 -8.600000E-01       -1.517365E-04
 -8.600000E-01       -1.787627E-04
 -8.600000E-01       -2.046596E-04
 -8.600000E-01       -2.294320E-04
 -8.600000E-01       -2.530794E-04
 -8.600000E-01       -2.756349E-04
 -8.600000E-01       -4.177643E-04
 -8.600000E-01       -4.030972E-04
 -8.600000E-01       -3.877398E-04
 -8.600000E-01       -3.716298E-04
 -8.600000E-01       -3.546805E-04
 -8.600000E-01       -3.365262E-04
 -8.600000E-01       -3.172576E-04
 -8.600000E-01       -2.969684E-04
 -8.400000E-01       -6.321819E-04
 -8.200000E-01       -6.118408E-04
 -8.062500E-01       -5.977123E-04
 -8.000000E-01       -5.912540E-04
 -7.800000E-01       -5.703879E-04
 -7.600000E-01       -5.492864E-04
 -7.525000E-01       -5.413186E-04
 -7.400000E-01       -5.279773E-04
 -7.200000E-01       -5.065071E-04
 -7.000000E-01       -4.847890E-04
 -6.800000E-01       -4.629448E-04
 -6.600000E-01       -4.409869E-04
 -6.450000E-01       -4.244695E-04
 -6.400000E-01       -4.189568E-04
 -6.200000E-01       -3.967765E-04
 -6.000000E-01       -3.744394E-04
 -5.800000E-01       -3.521347E-04
 -5.600000E-01       -3.297381E-04
 -5.400000E-01       -3.073026E-04
 -5.200000E-01       -2.850023E-04
 -5.000000E-01       -2.626543E-04
 -4.800000E-01       -2.406129E-04
 -4.600000E-01       -2.189762E-04
 -4.400000E-01       -1.978130E-04
 -4.300000E-01       -1.874351E-04
 -4.300000E-01       -4.365437E-12
 -4.200000E-01       -1.772072E-04
 -4.000000E-01       -1.572535E-04
 -3.800000E-01       -1.380067E-04
 -3.600000E-01       -1.196211E-04
 -3.400000E-01       -1.022050E-04
 -3.200000E-01       -8.576341E-05
 -3.000000E-01       -7.062714E-05
 -2.800000E-01       -5.691510E-05
 -2.600000E-01       -4.472481E-05
 -2.400000E-01       -3.412007E-05
 -2.200000E-01       -2.517488E-05
 -2.150000E-01       -3.971402E-15
 -2.000000E-01       -1.786608E-05
 -1.800000E-01       -1.212877E-05
 -1.600000E-01       -7.833380E-06
 -1.400000E-01       -4.775613E-06
 -1.200000E-01       -2.744043E-06
 -1.075000E-01       -4.354083E-12
 -1.000000E-01       -1.486287E-06
 -8.000000E-02       -7.623125E-07
 -6.000000E-02       -3.744137E-07
 -5.375000E-02       -4.798841E-15
 -4.000000E-02       -1.795131E-07
 -2.000000E-02       -8.633757E-08
  0.000000E+00       -4.295902E-08
  0.000000E+00        0.000000E+00
