

 One-dimensional plot values
 Input line #      29
 V(Gate)(Volts)      I(Drain)(Amps/um)   
 -1.500000E+00        6.749960E-06
 -1.450000E+00        6.561694E-06
 -1.400000E+00        6.371492E-06
 -1.350000E+00        6.179311E-06
 -1.300000E+00        5.985100E-06
 -1.250000E+00        5.788799E-06
 -1.200000E+00        5.590378E-06
 -1.150000E+00        5.389789E-06
 -1.100000E+00        5.186983E-06
 -1.050000E+00        4.981911E-06
 -1.000000E+00        4.774527E-06
 -9.500000E-01        4.564762E-06
 -9.000000E-01        4.352585E-06
 -8.500000E-01        4.137969E-06
 -8.000000E-01        3.920884E-06
 -7.500000E-01        1.619129E-06
 -7.500000E-01        3.701329E-06
 -7.000000E-01        3.479318E-06
 -6.500000E-01        3.254901E-06
 -6.000000E-01        3.028176E-06
 -5.500000E-01        2.799317E-06
 -5.000000E-01        2.568604E-06
 -4.500000E-01        2.336482E-06
 -4.000000E-01        2.103448E-06
 -3.750000E-01        2.679337E-07
 -3.500000E-01        1.871104E-06
 -3.000000E-01        1.641286E-06
 -2.500000E-01        1.416363E-06
 -2.000000E-01        1.199681E-06
 -1.500000E-01        9.949423E-07
 -1.000000E-01        8.052432E-07
 -5.000000E-02        6.329262E-07
  0.000000E+00        4.796814E-07
  0.000000E+00        0.000000E+00
  5.000000E-02        3.468056E-07
  1.000000E-01        2.354062E-07
  1.500000E-01        1.463645E-07
  2.000000E-01        8.020886E-08
  2.500000E-01        3.658202E-08
  3.000000E-01        1.298736E-08
  3.500000E-01        3.524222E-09
  4.000000E-01        8.313284E-10
  4.500000E-01        1.969487E-10
  5.000000E-01        4.740334E-11
