

 One-dimensional plot values
 Input line #      29
 V(Drain)(Volts)     I(Drain)(Amps/um)   
 -1.500000E+00       -2.166355E-06
 -1.450000E+00       -2.152168E-06
 -1.400000E+00       -2.137858E-06
 -1.350000E+00       -2.123362E-06
 -1.300000E+00       -2.108333E-06
 -1.250000E+00       -2.092978E-06
 -1.200000E+00       -2.077270E-06
 -1.150000E+00       -2.061194E-06
 -1.100000E+00       -2.044746E-06
 -1.050000E+00       -2.027921E-06
 -1.000000E+00       -2.010689E-06
 -9.500000E-01       -1.992974E-06
 -9.000000E-01       -1.974707E-06
 -8.500000E-01       -1.955633E-06
 -8.000000E-01       -1.935712E-06
 -7.500000E-01       -1.914607E-06
 -7.000000E-01       -1.891733E-06
 -6.500000E-01       -1.866034E-06
 -6.000000E-01       -1.835667E-06
 -5.500000E-01       -1.797421E-06
 -5.000000E-01       -1.747146E-06
 -4.500000E-01       -1.681005E-06
 -4.000000E-01       -1.594848E-06
 -3.500000E-01       -1.486562E-06
 -3.000000E-01       -1.354083E-06
 -2.500000E-01       -1.196026E-06
 -2.000000E-01       -1.011533E-06
 -1.500000E-01       -8.000024E-07
 -1.000000E-01       -5.610505E-07
 -5.000000E-02       -2.944213E-07
  5.000000E-02        3.222567E-07
  1.000000E-01        6.722060E-07
  1.500000E-01        1.049178E-06
  2.000000E-01        1.450825E-06
  2.500000E-01        1.871000E-06
  3.000000E-01        2.303726E-06
  3.500000E-01        2.749739E-06
  4.000000E-01        3.211097E-06
  4.500000E-01        3.688267E-06
  5.000000E-01        4.181091E-06
