

 One-dimensional plot values
 Input line #      29
 V(Gate)(Volts)      I(Drain)(Amps/um)   
 -1.500000E+00       -7.314634E-06
 -1.450000E+00       -6.841212E-06
 -1.400000E+00       -6.377155E-06
 -1.350000E+00       -5.923825E-06
 -1.300000E+00       -5.481721E-06
 -1.250000E+00       -5.051006E-06
 -1.200000E+00       -4.632555E-06
 -1.150000E+00       -4.227278E-06
 -1.100000E+00       -3.835792E-06
 -1.050000E+00       -3.458091E-06
 -1.000000E+00       -3.095369E-06
 -9.500000E-01       -2.748492E-06
 -9.000000E-01       -2.418214E-06
 -8.500000E-01       -2.105113E-06
 -8.000000E-01       -1.809949E-06
 -7.500000E-01       -1.354156E-06
 -7.500000E-01       -1.533714E-06
 -7.000000E-01       -1.277265E-06
 -6.500000E-01       -1.041542E-06
 -6.000000E-01       -8.276230E-07
 -5.500000E-01       -6.365310E-07
 -5.000000E-01       -4.692970E-07
 -4.500000E-01       -3.270382E-07
 -4.000000E-01       -2.108638E-07
 -3.750000E-01       -1.249018E-07
 -3.500000E-01       -1.215883E-07
 -3.000000E-01       -5.937975E-08
 -2.500000E-01       -2.270050E-08
 -2.000000E-01       -6.380587E-09
 -1.875000E-01       -2.806144E-09
 -1.500000E-01       -1.410468E-09
 -1.000000E-01       -2.855130E-10
 -9.375000E-02       -1.373408E-10
 -5.000000E-02       -5.707564E-11
  0.000000E+00       -1.150685E-11
  5.000000E-02       -2.369160E-12
  1.000000E-01       -5.116533E-13
  1.500000E-01       -1.263644E-13
  2.000000E-01       -4.420466E-14
  2.500000E-01       -2.598101E-14
  3.000000E-01       -2.169509E-14
  3.500000E-01       -2.058638E-14
  4.000000E-01       -2.022368E-14
  4.500000E-01       -2.004929E-14
  5.000000E-01       -1.994133E-14
