

 One-dimensional plot values
 Input line #      29
 V(Drain)(Volts)     I(Drain)(Amps/um)   
 -1.500000E+00       -5.136222E-06
 -1.450000E+00       -5.103363E-06
 -1.400000E+00       -5.069350E-06
 -1.350000E+00       -5.034623E-06
 -1.300000E+00       -4.999104E-06
 -1.250000E+00       -4.962605E-06
 -1.200000E+00       -4.924856E-06
 -1.150000E+00       -4.885598E-06
 -1.100000E+00       -4.844291E-06
 -1.050000E+00       -4.799938E-06
 -1.000000E+00       -4.751439E-06
 -9.500000E-01       -4.697335E-06
 -9.000000E-01       -4.635551E-06
 -8.500000E-01       -4.563649E-06
 -8.000000E-01       -4.478681E-06
 -7.500000E-01       -8.384904E-07
 -7.500000E-01       -4.376561E-06
 -7.000000E-01       -4.256576E-06
 -6.500000E-01       -4.115675E-06
 -6.000000E-01       -3.952444E-06
 -5.500000E-01       -3.764478E-06
 -5.000000E-01       -3.551185E-06
 -4.500000E-01       -3.313095E-06
 -4.000000E-01       -3.049586E-06
 -3.750000E-01       -5.626752E-08
 -3.500000E-01       -2.760277E-06
 -3.000000E-01       -2.444883E-06
 -2.500000E-01       -2.103213E-06
 -2.000000E-01       -1.735148E-06
 -1.875000E-01       -1.119907E-09
 -1.500000E-01       -1.340713E-06
 -1.000000E-01       -9.199417E-07
 -9.375000E-02       -8.517799E-11
 -5.000000E-02       -4.730124E-07
  0.000000E+00       -7.220194E-26
  5.000000E-02        4.989191E-07
  1.000000E-01        1.023435E-06
  1.500000E-01        1.572751E-06
  2.000000E-01        2.144116E-06
  2.500000E-01        2.731184E-06
  3.000000E-01        3.327594E-06
  3.500000E-01        3.934058E-06
  4.000000E-01        4.552794E-06
  4.500000E-01        5.184213E-06
  5.000000E-01        5.828227E-06
