

 One-dimensional plot values
 Input line #      29
 V(Drain)(Volts)     I(Drain)(Amps/um)   
 -1.500000E+00       -3.534346E-07
 -1.450000E+00       -3.504977E-07
 -1.400000E+00       -3.475564E-07
 -1.350000E+00       -3.446082E-07
 -1.300000E+00       -3.416511E-07
 -1.250000E+00       -3.386824E-07
 -1.200000E+00       -3.356992E-07
 -1.150000E+00       -3.326846E-07
 -1.100000E+00       -3.296418E-07
 -1.050000E+00       -3.265671E-07
 -1.000000E+00       -3.234495E-07
 -9.500000E-01       -3.202751E-07
 -9.000000E-01       -3.170317E-07
 -8.500000E-01       -3.137118E-07
 -8.000000E-01       -3.103112E-07
 -7.500000E-01       -1.146759E-08
 -7.500000E-01       -3.068074E-07
 -7.000000E-01       -3.032032E-07
 -6.500000E-01       -2.995004E-07
 -6.000000E-01       -2.956888E-07
 -5.500000E-01       -2.917507E-07
 -5.000000E-01       -2.876579E-07
 -4.500000E-01       -2.833636E-07
 -4.000000E-01       -2.787824E-07
 -3.750000E-01       -3.180491E-10
 -3.500000E-01       -2.737263E-07
 -3.000000E-01       -2.676115E-07
 -2.500000E-01       -2.589841E-07
 -2.000000E-01       -2.440534E-07
 -1.875000E-01       -4.660404E-11
 -1.500000E-01       -2.164936E-07
 -1.000000E-01       -1.696060E-07
 -9.375000E-02       -1.741032E-11
 -5.000000E-02       -9.844339E-08
  0.000000E+00       -5.296108E-26
  5.000000E-02        1.273926E-07
  1.000000E-01        2.845262E-07
  1.500000E-01        4.713021E-07
  2.000000E-01        6.857916E-07
  2.500000E-01        9.227637E-07
  3.000000E-01        1.176917E-06
  3.500000E-01        1.448937E-06
  4.000000E-01        1.740411E-06
  4.500000E-01        2.051820E-06
  5.000000E-01        2.383011E-06
