

 One-dimensional plot values
 Input line #      29
 V(Gate)(Volts)      I(Drain)(Amps/um)   
 -1.500000E+00       -9.576282E-06
 -1.450000E+00       -9.031290E-06
 -1.400000E+00       -8.494934E-06
 -1.350000E+00       -7.968363E-06
 -1.300000E+00       -7.451703E-06
 -1.250000E+00       -6.945488E-06
 -1.200000E+00       -6.451003E-06
 -1.150000E+00       -5.968428E-06
 -1.100000E+00       -5.497917E-06
 -1.050000E+00       -5.040906E-06
 -1.000000E+00       -4.598015E-06
 -9.500000E-01       -4.169414E-06
 -9.000000E-01       -3.756154E-06
 -8.500000E-01       -3.359023E-06
 -8.000000E-01       -2.979009E-06
 -7.500000E-01       -2.616514E-06
 -7.000000E-01       -2.272812E-06
 -6.500000E-01       -1.949069E-06
 -6.000000E-01       -1.646229E-06
 -5.500000E-01       -1.365294E-06
 -5.000000E-01       -1.107135E-06
 -4.500000E-01       -8.732438E-07
 -4.000000E-01       -6.648765E-07
 -3.500000E-01       -4.833790E-07
 -3.000000E-01       -3.302149E-07
 -2.500000E-01       -2.067430E-07
 -2.000000E-01       -1.139994E-07
 -1.500000E-01       -5.201945E-08
 -1.000000E-01       -1.814916E-08
 -5.000000E-02       -4.711351E-09
  0.000000E+00       -1.012389E-09
  5.000000E-02       -2.042758E-10
  1.000000E-01       -4.084302E-11
  1.500000E-01       -8.236978E-12
  2.000000E-01       -1.698460E-12
  2.500000E-01       -2.922211E-13
  3.000000E-01       -9.619391E-14
  3.500000E-01       -3.792361E-14
  4.000000E-01       -2.508105E-14
  4.500000E-01       -2.210055E-14
  5.000000E-01       -2.135622E-14
