

 One-dimensional plot values
 Input line #      29
 V(Gate)(Volts)      I(Drain)(Amps/um)   
 -1.500000E+00       -9.241457E-07
 -1.450000E+00       -8.844404E-07
 -1.400000E+00       -8.442964E-07
 -1.350000E+00       -8.037042E-07
 -1.300000E+00       -7.626542E-07
 -1.250000E+00       -7.211370E-07
 -1.200000E+00       -6.791441E-07
 -1.150000E+00       -6.366675E-07
 -1.100000E+00       -5.936948E-07
 -1.050000E+00       -5.502276E-07
 -1.000000E+00       -5.062662E-07
 -9.500000E-01       -4.618158E-07
 -9.000000E-01       -4.168900E-07
 -8.500000E-01       -3.715162E-07
 -8.000000E-01       -3.257445E-07
 -7.500000E-01       -2.796636E-07
 -7.000000E-01       -2.334322E-07
 -6.500000E-01       -1.873420E-07
 -6.000000E-01       -1.419548E-07
 -5.500000E-01       -9.841148E-08
 -5.000000E-01       -5.905082E-08
 -4.500000E-01       -2.802863E-08
 -4.000000E-01       -9.480684E-09
 -3.500000E-01       -2.247043E-09
 -3.000000E-01       -4.339407E-10
 -2.500000E-01       -7.862545E-11
 -2.000000E-01       -1.402273E-11
 -1.500000E-01       -2.508339E-12
 -1.000000E-01       -4.700745E-13
 -5.000000E-02       -1.105209E-13
  0.000000E+00       -4.727459E-14
  3.125000E-02       -2.709594E-13
  5.000000E-02       -3.612443E-14
  6.250000E-02       -9.828100E-14
  1.000000E-01       -3.410233E-14
  1.250000E-01       -1.681906E-14
  1.500000E-01       -3.367654E-14
  2.000000E-01       -3.352696E-14
  2.500000E-01       -1.797443E-14
  2.500000E-01       -3.342285E-14
  3.000000E-01       -3.332568E-14
  3.500000E-01       -3.323155E-14
  4.000000E-01       -3.314026E-14
  4.500000E-01       -3.304788E-14
  5.000000E-01       -3.295026E-14
