

 One-dimensional plot values
 Input line #      29
 V(Gate)(Volts)      I(Drain)(Amps/um)   
 -2.500000E+00       -1.564717E-06
 -2.450000E+00       -1.498760E-06
 -2.400000E+00       -1.431880E-06
 -2.350000E+00       -1.364047E-06
 -2.300000E+00       -1.295231E-06
 -2.250000E+00       -1.225403E-06
 -2.200000E+00       -1.154533E-06
 -2.150000E+00       -1.082594E-06
 -2.100000E+00       -1.009558E-06
 -2.050000E+00       -9.354029E-07
 -2.000000E+00       -8.601140E-07
 -1.950000E+00       -7.836873E-07
 -1.900000E+00       -7.061379E-07
 -1.850000E+00       -6.275119E-07
 -1.800000E+00       -5.478921E-07
 -1.750000E+00       -4.674706E-07
 -1.700000E+00       -3.866116E-07
 -1.650000E+00       -3.059669E-07
 -1.600000E+00       -2.268130E-07
 -1.550000E+00       -1.517121E-07
 -1.500000E+00       -8.572857E-08
 -1.450000E+00       -3.705154E-08
 -1.400000E+00       -1.117710E-08
 -1.350000E+00       -2.482537E-09
 -1.300000E+00       -4.981416E-10
 -1.250000E+00       -1.000684E-10
 -1.200000E+00       -2.037762E-11
 -1.150000E+00       -4.220132E-12
 -1.100000E+00       -8.939529E-13
 -1.050000E+00       -1.959967E-13
 -1.000000E+00       -4.589438E-14
 -9.500000E-01       -1.255882E-14
 -9.000000E-01       -4.809756E-15
 -8.500000E-01       -2.883785E-15
 -8.000000E-01       -2.354081E-15
 -7.500000E-01       -2.180341E-15
 -7.000000E-01       -2.105594E-15
 -6.500000E-01       -2.067539E-15
 -6.000000E-01       -2.054181E-15
 -5.500000E-01       -2.056858E-15
 -5.000000E-01       -2.064899E-15
 -2.500000E-01       -1.240238E-15
