

 One-dimensional plot values
 Input line #      33
 V(Gate)(Volts)      I(Drain)(Amps/um)   
 -5.000000E-01        1.913505E-14
 -4.500000E-01        1.926191E-14
 -4.000000E-01        1.961729E-14
 -3.500000E-01        2.080610E-14
 -3.000000E-01        2.539323E-14
 -2.500000E-01        4.470941E-14
 -2.500000E-01        2.998682E-14
 -2.000000E-01        1.310172E-13
 -1.500000E-01        5.332462E-13
 -1.250000E-01        6.713887E-13
 -1.000000E-01        2.462597E-12
 -6.250000E-02        4.089873E-12
 -5.000000E-02        1.189928E-11
  0.000000E+00        5.864994E-11
  0.000000E+00        0.000000E+00
  5.000000E-02        2.921069E-10
  1.000000E-01        1.464740E-09
  1.500000E-01        7.371201E-09
  2.000000E-01        3.521064E-08
  2.500000E-01        1.330856E-07
  3.000000E-01        3.604660E-07
  3.500000E-01        7.500220E-07
  4.000000E-01        1.309510E-06
  4.500000E-01        2.035133E-06
  5.000000E-01        2.918694E-06
  5.500000E-01        3.950574E-06
  6.000000E-01        5.120946E-06
  6.500000E-01        6.420300E-06
  7.000000E-01        7.839649E-06
  7.500000E-01        9.370613E-06
  8.000000E-01        1.100548E-05
  8.500000E-01        1.273714E-05
  9.000000E-01        1.455903E-05
  9.500000E-01        1.646496E-05
  1.000000E+00        1.844953E-05
  1.050000E+00        2.050764E-05
  1.100000E+00        2.263459E-05
  1.150000E+00        2.482602E-05
  1.200000E+00        2.707795E-05
  1.250000E+00        2.938663E-05
  1.300000E+00        3.174843E-05
  1.350000E+00        3.416008E-05
  1.400000E+00        3.661843E-05
  1.450000E+00        3.912052E-05
  1.500000E+00        4.166354E-05
