

 One-dimensional plot values
 Input line #      33
 V(Gate)(Volts)      I(Drain)(Amps/um)   
 -5.000000E-01        2.461080E-15
 -4.500000E-01        3.043454E-15
 -4.000000E-01        5.223870E-15
 -3.500000E-01        1.420151E-14
 -3.000000E-01        5.285295E-14
 -2.500000E-01        1.722652E-13
 -2.500000E-01        2.228359E-13
 -2.000000E-01        9.784725E-13
 -1.500000E-01        4.355652E-12
 -1.000000E-01        1.948337E-11
 -5.000000E-02        8.723252E-11
  0.000000E+00        3.898521E-10
  0.000000E+00        0.000000E+00
  5.000000E-02        1.735825E-09
  1.000000E-01        7.690661E-09
  1.500000E-01        3.306259E-08
  2.000000E-01        1.217578E-07
  2.500000E-01        3.325574E-07
  3.000000E-01        6.770229E-07
  3.500000E-01        1.114603E-06
  4.000000E-01        1.600031E-06
  4.500000E-01        2.105613E-06
  5.000000E-01        2.617488E-06
  5.500000E-01        3.128981E-06
  6.000000E-01        3.636851E-06
  6.500000E-01        4.139518E-06
  7.000000E-01        4.636240E-06
  7.500000E-01        5.126705E-06
  8.000000E-01        5.610839E-06
  8.500000E-01        6.088691E-06
  9.000000E-01        6.560372E-06
  9.500000E-01        7.025976E-06
  1.000000E+00        7.485730E-06
  1.050000E+00        7.939763E-06
  1.100000E+00        8.388328E-06
  1.150000E+00        8.831601E-06
  1.200000E+00        9.269752E-06
  1.250000E+00        9.702941E-06
  1.300000E+00        1.013133E-05
  1.350000E+00        1.055505E-05
  1.400000E+00        1.097425E-05
  1.450000E+00        1.138905E-05
  1.500000E+00        1.179958E-05
