

 One-dimensional plot values
 Input line #      33
 V(Gate)(Volts)      I(Drain)(Amps/um)   
 -5.000000E-01        4.636506E-14
 -4.500000E-01        7.737733E-14
 -4.000000E-01        1.614151E-13
 -3.500000E-01        4.255960E-13
 -3.000000E-01        1.366260E-12
 -2.500000E-01        5.014178E-12
 -2.500000E-01        9.722681E-13
 -2.000000E-01        1.989457E-11
 -1.500000E-01        8.223687E-11
 -1.250000E-01        1.785503E-11
 -1.000000E-01        3.464664E-10
 -6.250000E-02        7.597160E-11
 -5.000000E-02        1.468010E-09
  0.000000E+00        6.202483E-09
  0.000000E+00        0.000000E+00
  5.000000E-02        2.588309E-08
  1.000000E-01        1.013934E-07
  1.500000E-01        3.269237E-07
  2.000000E-01        8.061992E-07
  2.500000E-01        1.589342E-06
  3.000000E-01        2.677908E-06
  3.500000E-01        4.050486E-06
  4.000000E-01        5.678271E-06
  4.500000E-01        7.531988E-06
  5.000000E-01        9.584768E-06
  5.500000E-01        1.181308E-05
  6.000000E-01        1.419662E-05
  6.500000E-01        1.671775E-05
  7.000000E-01        1.936165E-05
  7.500000E-01        2.211558E-05
  8.000000E-01        2.496845E-05
  8.500000E-01        2.791060E-05
  9.000000E-01        3.093334E-05
  9.500000E-01        3.402915E-05
  1.000000E+00        3.719196E-05
  1.050000E+00        4.041568E-05
  1.100000E+00        4.369563E-05
  1.150000E+00        4.702723E-05
  1.200000E+00        5.040654E-05
  1.250000E+00        5.382940E-05
  1.300000E+00        5.729291E-05
  1.350000E+00        6.079384E-05
  1.400000E+00        6.432920E-05
  1.450000E+00        6.789638E-05
  1.500000E+00        7.149284E-05
