

 One-dimensional plot values
 Input line #      33
 V(Gate)(Volts)      I(Drain)(Amps/um)   
 -5.000000E-01        3.234934E-14
 -4.500000E-01        3.244701E-14
 -4.000000E-01        3.253946E-14
 -3.500000E-01        3.263027E-14
 -3.000000E-01        3.272361E-14
 -2.500000E-01        1.765135E-14
 -2.500000E-01        3.282077E-14
 -2.000000E-01        3.292862E-14
 -1.500000E-01        3.310089E-14
 -1.000000E-01        3.365478E-14
 -5.000000E-02        3.640232E-14
  0.000000E+00        5.166146E-14
  5.000000E-02        1.381710E-13
  1.000000E-01        6.296971E-13
  1.500000E-01        3.417209E-12
  2.000000E-01        1.918373E-11
  2.500000E-01        1.080033E-10
  3.000000E-01        6.045393E-10
  3.500000E-01        3.310418E-09
  4.000000E-01        1.630152E-08
  4.500000E-01        5.966921E-08
  5.000000E-01        1.500781E-07
  5.500000E-01        2.815496E-07
  6.000000E-01        4.372625E-07
  6.500000E-01        6.047405E-07
  7.000000E-01        7.774301E-07
  7.500000E-01        9.521293E-07
  8.000000E-01        1.127251E-06
  8.500000E-01        1.301959E-06
  9.000000E-01        1.475812E-06
  9.500000E-01        1.648564E-06
  1.000000E+00        1.820078E-06
  1.050000E+00        1.990280E-06
  1.100000E+00        2.159133E-06
  1.150000E+00        2.326623E-06
  1.200000E+00        2.492749E-06
  1.250000E+00        2.657523E-06
  1.300000E+00        2.820957E-06
  1.350000E+00        2.983071E-06
  1.400000E+00        3.143883E-06
  1.450000E+00        3.303416E-06
  1.500000E+00        3.461689E-06
