

 One-dimensional plot values
 Input line #      33
 V(Gate)(Volts)      I(Drain)(Amps/um)   
 -5.000000E-01        7.516889E-14
 -4.500000E-01        7.523156E-14
 -4.000000E-01        7.529854E-14
 -3.500000E-01        7.536703E-14
 -3.000000E-01        7.543446E-14
 -2.500000E-01        4.400103E-14
 -2.500000E-01        7.550147E-14
 -2.000000E-01        7.557019E-14
 -1.500000E-01        7.564091E-14
 -1.000000E-01        7.571239E-14
 -5.000000E-02        7.578600E-14
  0.000000E+00        7.587618E-14
  5.000000E-02        7.607187E-14
  1.000000E-01        7.689707E-14
  1.500000E-01        8.139053E-14
  2.000000E-01        1.072225E-13
  2.500000E-01        2.568888E-13
  3.000000E-01        1.123030E-12
  3.500000E-01        6.118748E-12
  4.000000E-01        3.480784E-11
  4.500000E-01        1.983738E-10
  5.000000E-01        1.116700E-09
  5.500000E-01        6.019115E-09
  6.000000E-01        2.740381E-08
  6.500000E-01        8.789520E-08
  7.000000E-01        1.965133E-07
  7.500000E-01        3.397043E-07
  8.000000E-01        5.005716E-07
  8.500000E-01        6.691370E-07
  9.000000E-01        8.406736E-07
  9.500000E-01        1.012993E-06
  1.000000E+00        1.185041E-06
  1.050000E+00        1.356288E-06
  1.100000E+00        1.526459E-06
  1.150000E+00        1.695408E-06
  1.200000E+00        1.863062E-06
  1.250000E+00        2.029387E-06
  1.300000E+00        2.194372E-06
  1.350000E+00        2.358019E-06
  1.400000E+00        2.520340E-06
  1.450000E+00        2.681349E-06
  1.500000E+00        2.841065E-06
