

 One-dimensional plot values
 Input line #      33
 V(Gate)(Volts)      I(Drain)(Amps/um)   
 -5.000000E-01        5.488161E-14
 -4.500000E-01        5.495766E-14
 -4.000000E-01        5.503476E-14
 -3.500000E-01        5.510969E-14
 -3.000000E-01        5.518329E-14
 -2.500000E-01        3.222563E-14
 -2.500000E-01        5.525842E-14
 -2.000000E-01        5.533578E-14
 -1.500000E-01        5.541489E-14
 -1.000000E-01        5.550216E-14
 -5.000000E-02        5.564366E-14
  0.000000E+00        5.611208E-14
  5.000000E-02        5.848647E-14
  1.000000E-01        7.189025E-14
  1.500000E-01        1.490107E-13
  2.000000E-01        5.933801E-13
  2.500000E-01        3.147490E-12
  3.000000E-01        1.777844E-11
  3.500000E-01        1.011691E-10
  4.000000E-01        5.719357E-10
  4.500000E-01        3.156788E-09
  5.000000E-01        1.571024E-08
  5.500000E-01        5.838460E-08
  6.000000E-01        1.485137E-07
  6.500000E-01        2.800512E-07
  7.000000E-01        4.355487E-07
  7.500000E-01        6.022876E-07
  8.000000E-01        7.737885E-07
  8.500000E-01        9.469865E-07
  9.000000E-01        1.120401E-06
  9.500000E-01        1.293284E-06
  1.000000E+00        1.465242E-06
  1.050000E+00        1.636061E-06
  1.100000E+00        1.805628E-06
  1.150000E+00        1.973882E-06
  1.200000E+00        2.140799E-06
  1.250000E+00        2.306369E-06
  1.300000E+00        2.470597E-06
  1.350000E+00        2.633495E-06
  1.400000E+00        2.795079E-06
  1.450000E+00        2.955367E-06
  1.500000E+00        3.114379E-06
