

 One-dimensional plot values
 Input line #      33
 V(Gate)(Volts)      I(Drain)(Amps/um)   
 -5.000000E-01        1.948883E-14
 -4.500000E-01        1.961312E-14
 -4.000000E-01        1.985284E-14
 -3.500000E-01        2.044939E-14
 -3.000000E-01        2.241000E-14
 -2.500000E-01        3.006674E-14
 -2.500000E-01        1.964273E-14
 -2.000000E-01        6.244231E-14
 -1.500000E-01        2.067018E-13
 -1.250000E-01        3.119907E-13
 -1.000000E-01        8.745857E-13
 -6.250000E-02        1.929071E-12
 -5.000000E-02        4.057053E-12
  0.000000E+00        1.955908E-11
  5.000000E-02        9.631668E-11
  1.000000E-01        4.806507E-10
  1.500000E-01        2.410228E-09
  2.000000E-01        1.165872E-08
  2.500000E-01        4.718802E-08
  3.000000E-01        1.402814E-07
  3.500000E-01        3.153976E-07
  4.000000E-01        5.830784E-07
  4.500000E-01        9.451986E-07
  5.000000E-01        1.399673E-06
  5.500000E-01        1.942774E-06
  6.000000E-01        2.570153E-06
  6.500000E-01        3.277316E-06
  7.000000E-01        4.059830E-06
  7.500000E-01        4.913363E-06
  8.000000E-01        5.833888E-06
  8.500000E-01        6.817607E-06
  9.000000E-01        7.860973E-06
  9.500000E-01        8.960586E-06
  1.000000E+00        1.011338E-05
  1.050000E+00        1.131641E-05
  1.100000E+00        1.256692E-05
  1.150000E+00        1.386231E-05
  1.200000E+00        1.520014E-05
  1.250000E+00        1.657817E-05
  1.300000E+00        1.799436E-05
  1.350000E+00        1.944652E-05
  1.400000E+00        2.093301E-05
  1.450000E+00        2.245212E-05
  1.500000E+00        2.400218E-05
