

 One-dimensional plot values
 Input line #      33
 V(Gate)(Volts)      I(Drain)(Amps/um)   
  5.000000E-01        2.065512E-15
  5.500000E-01        2.056977E-15
  6.000000E-01        2.053724E-15
  6.500000E-01        2.068196E-15
  7.000000E-01        2.115370E-15
  7.500000E-01        2.225406E-15
  8.000000E-01        2.522596E-15
  8.500000E-01        3.500757E-15
  9.000000E-01        7.145635E-15
  9.500000E-01        2.180895E-14
  1.000000E+00        8.418011E-14
  1.050000E+00        3.609568E-13
  1.100000E+00        1.629904E-12
  1.150000E+00        7.601253E-12
  1.200000E+00        3.629605E-11
  1.250000E+00        1.766567E-10
  1.300000E+00        8.772388E-10
  1.350000E+00        4.472553E-09
  1.400000E+00        2.213159E-08
  1.450000E+00        8.516413E-08
  1.500000E+00        2.237517E-07
  1.550000E+00        4.309033E-07
  1.600000E+00        6.787520E-07
  1.650000E+00        9.461887E-07
  1.700000E+00        1.222168E-06
  1.750000E+00        1.501258E-06
  1.800000E+00        1.780701E-06
  1.850000E+00        2.059034E-06
  1.900000E+00        2.335432E-06
  1.950000E+00        2.609430E-06
  2.000000E+00        2.880779E-06
  2.050000E+00        3.149335E-06
  2.100000E+00        3.415071E-06
  2.150000E+00        3.677983E-06
  2.200000E+00        3.938091E-06
  2.250000E+00        4.195434E-06
  2.300000E+00        4.450064E-06
  2.350000E+00        4.702035E-06
  2.400000E+00        4.951408E-06
  2.450000E+00        5.198242E-06
  2.500000E+00        5.442597E-06
