

 One-dimensional plot values
 Input line #      33
 V(Drain)(Volts)     I(Drain)(Amps/um)   
  0.000000E+00       -1.184620E-22
  0.000000E+00        8.362670E-22
  5.000000E-02        1.423269E-06
  1.000000E-01        2.747132E-06
  1.500000E-01        3.969914E-06
  2.000000E-01        5.090366E-06
  2.500000E-01        6.107774E-06
  3.000000E-01        7.022073E-06
  3.500000E-01        7.833986E-06
  4.000000E-01        8.545177E-06
  4.500000E-01        9.158448E-06
  5.000000E-01        9.678185E-06
  5.500000E-01        1.011043E-05
  6.000000E-01        1.046319E-05
  6.500000E-01        1.074648E-05
  7.000000E-01        1.097193E-05
  7.500000E-01        1.115185E-05
  8.000000E-01        1.129806E-05
  8.500000E-01        1.142072E-05
  9.000000E-01        1.152774E-05
  9.500000E-01        1.162458E-05
  1.000000E+00        1.171471E-05
  1.050000E+00        1.180019E-05
  1.100000E+00        1.188229E-05
  1.150000E+00        1.196177E-05
  1.200000E+00        1.203908E-05
  1.250000E+00        1.211448E-05
  1.300000E+00        1.218806E-05
  1.350000E+00        1.225986E-05
  1.400000E+00        1.232994E-05
  1.450000E+00        1.239833E-05
  1.500000E+00        1.246520E-05
  1.550000E+00        1.253078E-05
  1.600000E+00        1.259534E-05
  1.650000E+00        1.265912E-05
  1.700000E+00        1.272224E-05
  1.750000E+00        1.278479E-05
  1.800000E+00        1.284678E-05
  1.850000E+00        1.290826E-05
  1.900000E+00        1.296924E-05
  1.950000E+00        1.302973E-05
  2.000000E+00        1.308975E-05
