

 One-dimensional plot values
 Input line #      33
 V(Drain)(Volts)     I(Drain)(Amps/um)   
  0.000000E+00        3.678267E-23
  0.000000E+00       -2.091369E-23
  5.000000E-02        7.308743E-07
  1.000000E-01        1.359331E-06
  1.500000E-01        1.886772E-06
  2.000000E-01        2.316098E-06
  2.500000E-01        2.652355E-06
  3.000000E-01        2.903650E-06
  3.500000E-01        3.082168E-06
  4.000000E-01        3.204422E-06
  4.500000E-01        3.288864E-06
  5.000000E-01        3.351191E-06
  5.500000E-01        3.401620E-06
  6.000000E-01        3.445638E-06
  6.500000E-01        3.485906E-06
  7.000000E-01        3.523711E-06
  7.500000E-01        3.559739E-06
  8.000000E-01        3.594389E-06
  8.500000E-01        3.627906E-06
  9.000000E-01        3.660432E-06
  9.500000E-01        3.692061E-06
  1.000000E+00        3.722839E-06
  1.050000E+00        3.752787E-06
  1.100000E+00        3.781921E-06
  1.150000E+00        3.810271E-06
  1.200000E+00        3.837912E-06
  1.250000E+00        3.864954E-06
  1.300000E+00        3.891514E-06
  1.350000E+00        3.917698E-06
  1.400000E+00        3.943574E-06
  1.450000E+00        3.969184E-06
  1.500000E+00        3.994558E-06
  1.550000E+00        4.019715E-06
  1.600000E+00        4.044670E-06
  1.650000E+00        4.069438E-06
  1.700000E+00        4.094030E-06
  1.750000E+00        4.118448E-06
  1.800000E+00        4.142709E-06
  1.850000E+00        4.166827E-06
  1.900000E+00        4.190812E-06
  1.950000E+00        4.214673E-06
  2.000000E+00        4.238420E-06
