

 One-dimensional plot values
 Input line #      33
 V(Drain)(Volts)     I(Drain)(Amps/um)   
  0.000000E+00        1.179192E-23
  0.000000E+00       -7.233682E-24
  5.000000E-02        1.082674E-06
  1.000000E-01        2.064049E-06
  1.500000E-01        2.943497E-06
  2.000000E-01        3.721039E-06
  2.500000E-01        4.397529E-06
  3.000000E-01        4.974997E-06
  3.500000E-01        5.456872E-06
  4.000000E-01        5.848470E-06
  4.500000E-01        6.157540E-06
  5.000000E-01        6.394738E-06
  5.500000E-01        6.573514E-06
  6.000000E-01        6.708740E-06
  6.500000E-01        6.814290E-06
  7.000000E-01        6.901058E-06
  7.500000E-01        6.976418E-06
  8.000000E-01        7.044785E-06
  8.500000E-01        7.108617E-06
  9.000000E-01        7.169287E-06
  9.500000E-01        7.227598E-06
  1.000000E+00        7.284030E-06
  1.050000E+00        7.338873E-06
  1.100000E+00        7.392270E-06
  1.150000E+00        7.444313E-06
  1.200000E+00        7.495040E-06
  1.250000E+00        7.544458E-06
  1.300000E+00        7.592602E-06
  1.350000E+00        7.639583E-06
  1.400000E+00        7.685578E-06
  1.450000E+00        7.730789E-06
  1.500000E+00        7.775383E-06
  1.550000E+00        7.819443E-06
  1.600000E+00        7.863069E-06
  1.650000E+00        7.906296E-06
  1.700000E+00        7.949144E-06
  1.750000E+00        7.991629E-06
  1.800000E+00        8.033765E-06
  1.850000E+00        8.075565E-06
  1.900000E+00        8.117046E-06
  1.950000E+00        8.158224E-06
  2.000000E+00        8.199123E-06
