

 One-dimensional plot values
 Input line #      33
 V(Gate)(Volts)      I(Drain)(Amps/um)   
 -5.000000E-01        2.100744E-15
 -4.500000E-01        2.162238E-15
 -4.000000E-01        2.305174E-15
 -3.500000E-01        2.725251E-15
 -3.000000E-01        4.192542E-15
 -2.500000E-01        7.886503E-15
 -2.500000E-01        9.823656E-15
 -2.000000E-01        3.293406E-14
 -1.500000E-01        1.331095E-13
 -1.000000E-01        5.849676E-13
 -5.000000E-02        2.684021E-12
  0.000000E+00        1.266291E-11
  0.000000E+00        0.000000E+00
  5.000000E-02        6.096311E-11
  1.000000E-01        2.978798E-10
  1.500000E-01        1.467685E-09
  2.000000E-01        7.060891E-09
  2.500000E-01        2.906132E-08
  3.000000E-01        8.727769E-08
  3.500000E-01        1.906784E-07
  4.000000E-01        3.298549E-07
  4.500000E-01        4.901710E-07
  5.000000E-01        6.613049E-07
  5.500000E-01        8.375610E-07
  6.000000E-01        1.015963E-06
  6.500000E-01        1.194931E-06
  7.000000E-01        1.373600E-06
  7.500000E-01        1.551462E-06
  8.000000E-01        1.728244E-06
  8.500000E-01        1.903761E-06
  9.000000E-01        2.077932E-06
  9.500000E-01        2.250711E-06
  1.000000E+00        2.422077E-06
  1.050000E+00        2.592026E-06
  1.100000E+00        2.760564E-06
  1.150000E+00        2.927705E-06
  1.200000E+00        3.093469E-06
  1.250000E+00        3.257876E-06
  1.300000E+00        3.420950E-06
  1.350000E+00        3.582714E-06
  1.400000E+00        3.743191E-06
  1.450000E+00        3.902406E-06
  1.500000E+00        4.060381E-06
