

 One-dimensional plot values
 Input line #      33
 V(Gate)(Volts)      I(Drain)(Amps/um)   
 -5.000000E-01        2.098477E-14
 -4.500000E-01        2.183143E-14
 -4.000000E-01        2.509000E-14
 -3.500000E-01        3.880160E-14
 -3.000000E-01        9.958474E-14
 -2.500000E-01        3.096036E-13
 -2.000000E-01        1.713446E-12
 -1.500000E-01        8.194730E-12
 -1.000000E-01        4.022507E-11
 -5.000000E-02        2.003065E-10
  0.000000E+00        1.003119E-09
  5.000000E-02        4.955366E-09
  1.000000E-01        2.248986E-08
  1.500000E-01        8.083709E-08
  2.000000E-01        2.140525E-07
  2.500000E-01        4.425345E-07
  3.000000E-01        7.723673E-07
  3.500000E-01        1.202433E-06
  4.000000E-01        1.728764E-06
  4.500000E-01        2.346429E-06
  5.000000E-01        3.050297E-06
  5.500000E-01        3.835353E-06
  6.000000E-01        4.696824E-06
  6.500000E-01        5.630226E-06
  7.000000E-01        6.631370E-06
  7.500000E-01        7.696293E-06
  8.000000E-01        8.821327E-06
  8.500000E-01        1.000305E-05
  9.000000E-01        1.123837E-05
  9.500000E-01        1.252435E-05
  1.000000E+00        1.385824E-05
  1.050000E+00        1.523742E-05
  1.100000E+00        1.665959E-05
  1.150000E+00        1.812254E-05
  1.200000E+00        1.962427E-05
  1.250000E+00        2.116295E-05
  1.300000E+00        2.273688E-05
  1.350000E+00        2.434423E-05
  1.400000E+00        2.598349E-05
  1.450000E+00        2.765317E-05
  1.500000E+00        2.935171E-05
