

 One-dimensional plot values
 Input line #      33
 V(Drain)(Volts)     I(Drain)(Amps/um)   
  0.000000E+00        1.476700E-23
  0.000000E+00       -1.963147E-23
  0.000000E+00       -8.900249E-23
  5.000000E-02        1.752701E-06
  1.000000E-01        3.407952E-06
  1.500000E-01        4.963333E-06
  2.000000E-01        6.416747E-06
  2.500000E-01        7.766501E-06
  3.000000E-01        9.011392E-06
  3.500000E-01        1.015079E-05
  4.000000E-01        1.118473E-05
  4.500000E-01        1.211403E-05
  5.000000E-01        1.294043E-05
  5.500000E-01        1.366672E-05
  6.000000E-01        1.429697E-05
  6.500000E-01        1.483661E-05
  7.000000E-01        1.529284E-05
  7.500000E-01        1.567416E-05
  8.000000E-01        1.599018E-05
  8.500000E-01        1.625110E-05
  9.000000E-01        1.646723E-05
  9.500000E-01        1.664842E-05
  1.000000E+00        1.680362E-05
  1.050000E+00        1.694040E-05
  1.100000E+00        1.706455E-05
  1.150000E+00        1.718009E-05
  1.200000E+00        1.728963E-05
  1.250000E+00        1.739483E-05
  1.300000E+00        1.749671E-05
  1.350000E+00        1.759587E-05
  1.400000E+00        1.769266E-05
  1.450000E+00        1.778726E-05
  1.500000E+00        1.787970E-05
  1.550000E+00        1.796990E-05
  1.600000E+00        1.805812E-05
  1.650000E+00        1.814455E-05
  1.700000E+00        1.822950E-05
  1.750000E+00        1.831329E-05
  1.800000E+00        1.839617E-05
  1.850000E+00        1.847830E-05
  1.900000E+00        1.855976E-05
  1.950000E+00        1.864060E-05
  2.000000E+00        1.872084E-05
