

 One-dimensional plot values
 Input line #      33
 V(Gate)(Volts)      I(Drain)(Amps/um)   
 -5.000000E-01        5.806235E-05
 -4.500000E-01        6.024211E-05
 -4.000000E-01        6.262190E-05
 -3.500000E-01        6.520754E-05
 -3.000000E-01        6.800360E-05
 -2.500000E-01        7.101586E-05
 -2.500000E-01        2.349820E-05
 -2.000000E-01        7.425858E-05
 -1.500000E-01        7.776539E-05
 -1.250000E-01        9.661957E-06
 -1.000000E-01        8.146046E-05
 -6.250000E-02        4.486156E-06
 -5.000000E-02        8.542467E-05
  0.000000E+00        8.959895E-05
  0.000000E+00        0.000000E+00
  5.000000E-02        9.401147E-05
  1.000000E-01        9.861636E-05
  1.500000E-01        1.033985E-04
  2.000000E-01        1.083387E-04
  2.500000E-01        1.134130E-04
  3.000000E-01        1.185998E-04
  3.500000E-01        1.238896E-04
  4.000000E-01        1.292681E-04
  4.500000E-01        1.347244E-04
  5.000000E-01        1.402434E-04
  5.500000E-01        1.458206E-04
  6.000000E-01        1.514499E-04
  6.500000E-01        1.571265E-04
  7.000000E-01        1.628443E-04
  7.500000E-01        1.686009E-04
  8.000000E-01        1.743938E-04
  8.500000E-01        1.802200E-04
  9.000000E-01        1.860767E-04
  9.500000E-01        1.919604E-04
  1.000000E+00        1.978687E-04
  1.050000E+00        2.038015E-04
  1.100000E+00        2.097569E-04
  1.150000E+00        2.157332E-04
  1.200000E+00        2.217291E-04
  1.250000E+00        2.277437E-04
  1.300000E+00        2.337760E-04
  1.350000E+00        2.398251E-04
  1.400000E+00        2.458884E-04
  1.450000E+00        2.519666E-04
  1.500000E+00        2.580589E-04
